2007,1,365.36,-0.083,0.64,24.49
2007,2,375.02,0.075,0.39,24.29
2007,3,359.61,-0.57,-0.19,20.59
2007,4,346.90,-1.035,-0.32,16.91
2007,5,365.98,-0.612,-0.41,10.30
2007,6,378.52,-1.198,-0.83,7.84
2007,7,374.30,-2.631,-0.75,6.56
2007,8,375.38,-0.108,-0.9,7.94
2007,9,347.09,0.031,-1.06,15.33
2007,10,346.74,-0.434,-1.13,17.70
2007,11,352.98,-0.984,-1.12,18.13
2007,12,366.12,1.929,-1.19,22.84
2008,1,376.26,1.208,-1.06,24.60
2008,2,380.07,1.147,-1.27,24.43
2008,3,353.74,0.587,-1.52,20.56
2008,4,351.13,-0.873,-1.11,16.57
2008,5,357.88,-0.49,-0.99,13.44
2008,6,384.18,1.348,-0.8,9.22
2008,7,369.58,0.32,-0.78,12.54
2008,8,364.89,0.087,-1.01,11.14
2008,9,359.91,1.386,-1.02,13.54
2008,10,345.07,1.215,-1.08,17.37
2008,11,373.58,0.92,-0.98,24.51
2008,12,365.77,1.194,-1.01,24.11
2009,1,367.19,0.963,-1.01,25.31
2009,2,369.86,0.456,-0.85,23.88
2009,3,362.94,0.605,-0.95,22.53
2009,4,341.60,0.029,-0.81,18.36
2009,5,345.23,-0.733,-0.72,14.72
2009,6,378.70,-0.47,-0.05,9.26
2009,7,380.67,-1.234,0.56,8.17
2009,8,354.32,-0.686,0.56,13.14
2009,9,351.01,-0.017,0.42,12.21
2009,10,340.76,0.085,0.56,16.43
2009,11,358.62,-1.915,1.04,21.09
2009,12,359.88,0.607,0.95,21.99
2010,1,382.89,-0.757,0.93,24.96
2010,2,379.13,-0.775,1.28,22.82
2010,3,372.40,0.108,1.33,21.25
2010,4,343.65,0.377,0.49,15.58
2010,5,347.67,1.021,-0.12,13.65
2010,6,373.24,2.071,-1.29,10.11
2010,7,383.98,2.424,-2.43,8.51
2010,8,370.44,1.51,-2.38,9.82
2010,9,345.66,0.402,-2.26,13.40
2010,10,329.95,1.335,-2.16,15.63
2010,11,346.74,1.516,-2.01,19.87
2010,12,379.21,0.205,-1.86,24.45
2011,1,381.86,0.052,-1.77,24.80
2011,2,377.00,1.074,-1.59,22.75
2011,3,368.02,-0.296,-1.75,20.92
2011,4,342.02,-0.87,-1.69,17.05
2011,5,351.34,1.266,-1.23,12.75
2011,6,381.41,-0.099,-1.02,9.36
2011,7,381.83,-1.384,-0.75,8.25
2011,8,374.14,-1.202,-0.81,10.00
2011,9,341.72,-1.25,-1.08,14.34
2011,10,328.76,0.388,-1.3,16.29
2011,11,354.54,-0.908,-1.14,22.15
2011,12,365.63,2.573,-1.18,23.23
2012,1,388.25,1.583,-1.07,26.30
2012,2,386.46,-0.283,-0.68,23.76
2012,3,363.96,0.275,-0.58,20.61
2012,4,332.48,0.666,-0.38,16.71
2012,5,341.96,0.153,-0.32,14.87
2012,6,376.80,-0.197,-0.28,9.61
2012,7,391.32,1.259,0.34,7.11
2012,8,367.09,0.489,-0.02,12.18
2012,9,341.34,0.562,-0.29,14.03
2012,10,339.98,-0.444,-0.19,17.21
2012,11,363.05,-1.701,-0.03,20.61
2012,12,378.06,-0.764,-0.03,22.43
2013,1,388.63,0.071,-0.06,24.31
2013,2,378.58,0.716,-0.08,23.10
2013,3,340.23,1.375,-0.12,18.86
2013,4,334.00,0.611,-0.35,17.06
2013,5,352.81,0.36,-0.68,12.74
2013,6,367.91,-0.271,-1.14,9.83
2013,7,381.03,0.945,-0.79,9.67
2013,8,371.33,-1.561,-0.45,9.82
2013,9,360.41,-1.658,-0.33,13.00
2013,10,340.93,-0.458,-0.13,17.68
2013,11,350.22,0.189,-0.16,19.95
2013,12,416.65,0.061,-0.34,26.67
2014,1,406.09,-0.683,-0.5,25.29
2014,2,367.29,0.322,-0.42,21.92
2014,3,328.59,0.467,-0.05,18.68
2014,4,332.93,0.614,-0.16,16.31
2014,5,348.47,-0.445,-0.17,13.09
2014,6,377.77,0.841,0,9.22
2014,7,380.39,0.247,0.42,9.87
2014,8,350.96,-0.059,0.23,12.29
2014,9,337.54,-1.119,-0.09,14.35
2014,10,355.91,-0.039,0.12,18.65
2014,11,354.69,-0.519,0.37,19.23
2014,12,370.41,1.322,0.35,22.07
2015,1,387.37,0.675,0.23,23.24
2015,2,390.23,1.217,0.06,23.47
2015,3,379.81,0.773,0.15,22.07
2015,4,333.18,1.029,0.31,19.30
2015,5,339.10,0.416,0.95,15.11
2015,6,378.57,0.711,1.9,11.13
2015,7,388.90,1.678,1.79,10.37
2015,8,361.34,1.062,1.95,13.09
2015,9,351.64,0.542,2.24,12.97
2015,10,342.48,-0.17,2.15,14.92
2015,11,337.47,0.695,1.94,19.23
2015,12,382.56,-0.059,1.93,23.92
2016,1,398.58,1.392,1.94,25.78
2016,2,403.18,1.093,1.81,25.00
2016,3,333.36,2.038,1.32,20.14
2016,4,339.09,0.097,1.33,16.16
2016,5,363.34,0.012,1.24,11.33
2016,6,392.68,2.565,0.36,8.08
2016,7,383.14,0.407,-0.53,9.11
2016,8,348.02,-0.739,-0.27,11.60
2016,9,344.18,2.333,-0.29,12.98
2016,10,319.44,-0.177,-0.54,16.45
2016,11,338.00,-1.508,-0.48,19.91
2016,12,383.63,-0.711,-0.37,24.24
2017,1,407.29,-0.982,-0.43,24.84
2017,2,399.79,-0.015,-0.42,23.93
2017,3,362.42,0.156,-0.58,21.16
2017,4,326.01,0.619,-0.19,16.80
2017,5,347.75,1.053,0.19,13.98
2017,6,381.04,0.546,-0.24,11.68
2017,7,381.31,0.728,-0.63,11.25
2017,8,357.01,0.764,-0.73,13.01
2017,9,342.73,1.296,-0.74,14.16
2017,10,327.91,-0.568,-0.59,16.27
2017,11,342.85,0.771,-0.62,19.19
2017,12,386.77,0.984,-0.74,23.83
2018,1,395.50,1.275,-0.79,25.23
2018,2,406.65,1.041,-0.71,24.79
2018,3,360.02,0.141,-0.8,21.55
2018,4,346.22,-1.166,-1.32,20.52
2018,5,342.04,-0.077,-0.94,14.71
2018,6,397.78,-0.012,-0.52,8.68
2018,7,409.71,0.377,-0.05,8.81
2018,8,381.19,-0.343,0.46,10.06
2018,9,330.11,1.458,0.62,15.92
2018,10,323.94,0.53,0.52,16.47
2018,11,342.39,0.991,0.33,20.02
2018,12,360.22,0.93,0.18,21.53
2019,1,390.69,0.677,0.09,23.80
2019,2,396.08,-0.5,0.5,22.77
2019,3,336.85,0.745,0.76,19.51
2019,4,330.81,0.336,0.3,17.46
2019,5,347.78,0.335,0.23,13.63
2019,6,367.99,1.465,0.35,12.08
2019,7,401.02,-0.39,0.3,9.39
2019,8,383.84,-1.08,0.32,10.60
2019,9,352.40,0.563,0.16,13.04
2019,10,347.75,-0.925,0.31,16.46
2019,11,367.16,-1.84,0.47,21.37
2019,12,376.56,-1.36,0.36,23.04
2020,1,407.03,-0.231,0.25,23.91
2020,2,391.61,0.275,0.26,23.68
2020,3,378.14,1.426,0.13,23.24
2020,4,297.70,-0.475,-0.15,16.93
2020,5,325.12,0.577,-0.23,13.35
2020,6,377.86,1.071,-0.68,11.05
2020,7,414.92,-0.546,-0.94,8.57
2020,8,362.63,-0.72,-0.96,12.36
2020,9,347.04,0.194,-1.15,13.34
2020,10,334.72,1.264,-1.17,16.77
2020,11,348.26,0.813,-1.13,21.55
2020,12,376.67,1.481,-1.14,23.55
2021,1,392.90,1.045,-1.2,24.98
2021,2,364.02,1.344,-0.96,22.50
2021,3,358.34,0.086,-0.79,21.52
2021,4,325.26,0.827,-0.95,18.95
2021,5,351.12,0.314,-1.07,12.23
2021,6,398.70,1.179,-1.05,9.78
2021,7,398.06,-0.46,-1.44,9.86
2021,8,372.28,-0.227,-1.29,11.28
2021,9,339.17,1.336,-1.38,14.64
2021,10,328.08,0.453,-1.46,17.93
2021,11,344.86,1.321,-1.39,21.30
2021,12,397.14,2.155,-1.2,25.10
2022,1,419.91,0.825,-1.01,26.37
2022,2,369.98,0.643,-0.98,22.62
2022,3,339.08,0.558,-1.31,19.39
2022,4,321.94,0.532,-1.61,16.44
2022,5,365.36,0.096,-1.63,11.66
2022,6,427.87,-0.871,-1.9,8.06
2022,7,397.30,0.447,-2.17,10.77
2022,8,366.27,0.731,-1.75,11.50
2022,9,328.20,1.469,-1.73,14.14
2022,10,315.62,0.33,-1.73,17.41
2022,11,364.43,1.713,-1.53,23.44
2022,12,409.87,1.7,-1.28,25.52
